12,29|18
12,30|18
12,31|18
37,40-43|47
7,26|72
7,27|72
7,28|72
26 ,1|94
28 ,1|96
30 ,1|99
32,18|101
35,25|105
35,26|105
16,72|174
13, 1-5|217
28,69|234
6,3.6|247
14,10|289
14,12|289
19,44|365
11,18|424
7,10б|484
13,23|490
3,37|581
10,40|589
6,11|711
17,51|716
19,10|717
20,14|718
74,9|744
77,2|745
77,41|746
80,7|748
85,8|750
89,47|753
89,48|753
89,49|753
89,52|753
94,10|755
113,9.10.11|768
2,21б|855
3,23|856
17-10,5|880
17-10,18|880
17,32|887
19,30|888
39,121|905
48,9|913
9,18|925
Лк 2,32|957
9,23|983
20,19|994
30,7б|1004
49,50-51|1027
20,11.13|1067
,19|1075
,4|1076
,13|1076
,15|1076
,16-18|1076
,19|1076
,21|1076
,32|1079
,3|1079
,6|1079
,13|1079
,19|1080
33,4.9|1083
34,17.20|1085
,16|1089
,9|1090
,19|1090
,20|1090
,22|1090
,23|1090
,31|1092
,1|1092
,2|1092
,3|1092
,5|1092
,19|1092
,35|1093
,38|1093
,46|1094
48,16.20|1103
2,24|1128
2,25|1128
12,15|1134
4,1|1138
4,2|1138
4,3|1138
4,4|1138
4,6|1138
4,8|1138
4,9|1138
4,10|1138
4,12|1138
4,13|1138
4,14|1139
4,15|1139
4,16|1139
4,17|1139
4,18|1139
4,19|1139
4,20|1139
4,21|1139
2,14|1159
2,14|1171
2,15|1171
2,16|1171
2,17|1171
3,13|1327
4,22.23|1367
14,33б-36|1392
4,10|1441
3,16|1450
6,13.14|1451
10,16.17|1455
12,26.27|1458
2,18|1466
